probabs:-
0.001 0.0015 0.0022500000000000003 0.0033750000000000004 0.005062500000000001 0.0075937500000000015 0.011390625000000001 0.017085937500000002 0.025628906250000003 0.03844335937500001 0.057665039062500006 0.08649755859375001 0.129746337890625 0.1946195068359375 0.29192926025390625 0.43789389038085935

time:- 
0.0 0.0 0.0 0.0 0.0009968280792236328 0.0 0.0 0.0019969940185546875 0.002990245819091797 0.003988981246948242 0.0049893856048583984 0.005985260009765625 0.0070953369140625 0.007979869842529297 0.012386322021484375 0.016173124313354492
0.0040662288665771484 0.005281686782836914 0.005568265914916992 0.005017995834350586 0.004943370819091797 0.0058901309967041016 0.004987239837646484 0.004987955093383789 0.005803585052490234 0.005985260009765625 0.005985260009765625 0.0059854984283447266 0.007035017013549805 0.008966445922851562 0.012169837951660156 0.01513218879699707
0.009975433349609375 0.008979558944702148 0.009530305862426758 0.008975505828857422 0.010793209075927734 0.009975194931030273 0.011292219161987305 0.009975194931030273 0.010157108306884766 0.010972976684570312 0.012881040573120117 0.014150619506835938 0.013966798782348633 0.017965078353881836 0.02689957618713379 0.02919292449951172
0.5138294696807861 0.5396614074707031 0.5103681087493896 0.5326857566833496 0.5421142578125 0.5953004360198975 0.5537493228912354 0.5432901382446289 0.5674762725830078 0.5962715148925781 0.6266024112701416 0.689610481262207 0.8177571296691895 0.9606730937957764 1.2648530006408691 1.4938311576843262

accuracy:- 
45.0 40.0 40.0 49.0 51.0 59.0 69.0 89.0 96.0 98.0 100.0 100.0 100.0 100.0 100.0 100.0
24.0 33.0 25.0 41.0 41.0 52.0 55.00000000000001 86.0 96.0 99.0 100.0 100.0 100.0 100.0 100.0 100.0
1.0 1.0 1.0 7.000000000000001 11.0 10.0 18.0 76.0 92.0 98.0 100.0 100.0 100.0 100.0 100.0 100.0
